1
0.999620000000000
0.999600000000000
0.999580000000000
0.999560000000000
0.999540000000000
0.999520000000000
0.999500000000000
0.999470000000000
0.999450000000000
0.999420000000000
0.999400000000000
0.999380000000000
0.999340000000000
0.999300000000000
0.999250000000000
0.999190000000000
0.999100000000000
0.998990000000000
0.998870000000000
0.998750000000000
0.998620000000000
0.998480000000000
0.998330000000000
0.998160000000000
0.997970000000000
0.997750000000000
0.997530000000000
0.997310000000000
0.997080000000000
0.996850000000000
0.996590000000000
0.996300000000000
0.995990000000000
0.995660000000000
0.995290000000000
0.994920000000000
0.994540000000000
0.994180000000000
0.993810000000000
0.993400000000000
0.992910000000000
0.992290000000000
0.991500000000000
0.990570000000000
0.989520000000000
0.988410000000000
0.987190000000000
0.985820000000000
0.984220000000000
0.982410000000000
0.980510000000000
0.978520000000000
0.976390000000000
0.973920000000000
0.970860000000000
0.967140000000000
0.962790000000000
0.957950000000000
0.952410000000000
0.946460000000000
0.940050000000000
0.932740000000000
0.924340000000000
0.915180000000000
0.905710000000000
0.895580000000000
0.884840000000000
0.873520000000000
0.861660000000000
0.849300000000000
0.836520000000000
0.823380000000000
0.809970000000000
0.796380000000000
0.782710000000000
0.769070000000000
0.755590000000000
0.742390000000000
0
